32145363
31226023
32330414
32511329
15194747
32132184
31034780
15331731
16877062
32225175
32227760
33899609
32265513
32219363
32976572
33436497
32353859
32358202
32346093
32835247
32227090
32398875
32835326
32546811
12441076
22013052
19109397
22553325
33206959
18753196
10799570
22751485
15527857
32048163
32591762
32663912
32732413
32807934
32946807
32714119
32511375
32270184
32386571
32763915
32968798
33046644
33082294
33082293
32528623
32869019
33116139
29642015
33125439
33116300
33147444
33184506
32142651
32944968
33244168
33270413
33060197
33277466
33139913
32972995
32972996
33307546
33296687
33159009
33324374
33422265
33231615
33451855
32191739
32416070
33547084
33576820
33576814
33495306
33536217
14607900
33590968
33361116
33732251
33655830
32967005
33686287
33524849
33492978
16125763
29245018
33713620
33727703
33723416
33328588
32205204
33348292
33211371
33811162
33784499
33984267
34029205
34010139
33845483
33879890
33880470
33915569
33976134
33915568
32979938
32529952
33451855
32589897
32555321
